0.535927334295705
0.3028099436698289
0.2320587408586676
0.2006529178745641
0.18285144083752422
0.17007878833803639
0.16067766585373527
0.1545731191124235
0.14812943137484819
0.14438304103213578
0.14006887581841698
0.13693576550175404
0.13354874930798713
0.13033128909656566
0.1279703033675114
0.12553181947011666
0.12434241098576579
0.12124818436838136
0.11913345403638967
0.11848467781112113
0.14999194751525746
0.14701123462228352
0.14627344583349275
0.1445646399054034
0.14208342520327405
0.14095092902483025
0.13910310546606044
0.14028445829458425
0.13766607315522697
0.13779582910863636
0.1397270982708837
0.136455897260182
0.13753825492165947
0.1351960060081165
0.13361347165747817
